intrinsic:
648.542244725254 0.0 717.3812951416434 
0.0 651.544002102833 439.5953450030918 
0.0 0.0 1.0 
distortion:
0.010504282487540647 0.033767898808910735 -0.0007656819814414674 0.0014306052411077422 -0.013784952098092561 
