intrinsic:
1358.733652622396 0.0 644.7982155601472 
0.0 1358.2193367438535 368.716708755683 
0.0 0.0 1.0 
distortion:
0.0012687553028129935 -0.05443155935719458 -0.0010648017607842106 -0.0009221718808369633 0.21819049417261535 
