intrinsic:
978.5586366767641 0.0 645.0830194737604 
0.0 977.834177920797 352.6029604034778 
0.0 0.0 1.0 
distortion:
0.08643542147608546 -0.06676613497688651 -0.0013002287158333586 0.00021925329738534997 -0.12319837373597892 
