intrinsic:
1010.9298958658267 0.0 643.7818228443072 
0.0 1010.4520668109593 361.12952136278653 
0.0 0.0 1.0 
distortion:
0.09389005187736679 -0.15105300950254183 0.0027848573588549566 0.0008925689183287208 -0.029201703485674423 
