intrinsic:
1379.330407848053 0.0 636.2522422559189 
0.0 1379.2146576102398 346.2037944524466 
0.0 0.0 1.0 
distortion:
-0.05630793686413826 0.396168967864532 -0.0011710699421266296 -0.0016299105139346583 -1.0930116741057623 
