intrinsic:
533.3154935633667 0.0 639.7421031873974 
0.0 530.7473461419441 377.21217157988474 
0.0 0.0 1.0 
distortion:
-0.0803759565123613 0.009407734218258784 -0.01822881191004857 -0.005564148445995019 0.0023175147805540187 
