intrinsic:
1392.330458700745 0.0 640.7641674644566 
0.0 1391.207626955941 365.3371184812827 
0.0 0.0 1.0 
distortion:
-0.019240664459241736 0.13888397376315834 -5.8279039819447926e-05 -0.000759708055261577 -0.4271348414728309 
