intrinsic:
988.8930206302264 0.0 650.2211696827145 
0.0 989.1474107269634 354.44358459588744 
0.0 0.0 1.0 
distortion:
0.08578324767459927 -0.1034399258003077 0.0006041689959556942 0.0011373509259547609 -0.06404643820286761 
